--------------------------------------------------------------------------------------------------------------------------------
Poprawna odpowiedź dla poniszego: 2085

[[0],
[633,   0],
[257, 390,   0],
[ 91, 661, 228,   0],
[412, 227, 169, 383,   0],
[150, 488, 112, 120, 267,   0],
[ 80, 572, 196,  77, 351,  63,   0],
[134, 530, 154, 105, 309,  34,  29,   0],
[259, 555, 372, 175, 338, 264, 232, 249,   0],
[505, 289, 262, 476, 196, 360, 444, 402, 495,   0],
[353, 282, 110, 324,  61, 208, 292, 250, 352, 154,   0],
[324, 638, 437, 240, 421, 329, 297, 314,  95, 578, 435,   0],
[ 70, 567, 191,  27, 346,  83,  47,  68, 189, 439, 287, 254,   0],
[211, 466,  74, 182, 243, 105, 150, 108, 326, 336, 184, 391, 145,   0],
[268, 420,  53, 239, 199, 123, 207, 165, 383, 240, 140, 448, 202,  57,   0],
[246, 745, 472, 237, 528, 364, 332, 349, 202, 685, 542, 157, 289, 426, 483,   0],
[121, 518, 142,  84, 297,  35,  29,  36, 236, 390, 238, 301,  55,  96, 153, 336,   0]]

--------------------------------------------------------------------------------------------------------------------------------
Poprawna odpowiedź dla poniszego: 291

[[ 0],
[29,  0],
[82, 55,  0],
[46, 46, 68,  0],
[68, 42, 46, 82,  0],
[52, 43, 55, 15, 74,  0],
[72, 43, 23, 72, 23, 61,  0],
[42, 23, 43, 31, 52, 23, 42,  0],
[51, 23, 41, 62, 21, 55, 23, 33,  0],
[55, 31, 29, 42, 46, 31, 31, 15, 29,  0],
[29, 41, 79, 21, 82, 33, 77, 37, 62, 51,  0],
[74, 51, 21, 51, 58, 37, 37, 33, 46, 21, 65,  0],
[23, 11, 64, 51, 46, 51, 51, 33, 29, 41, 42, 61,  0],
[72, 52, 31, 43, 65, 29, 46, 31, 51, 23, 59, 11, 62,  0],
[46, 21, 51, 64, 23, 59, 33, 37, 11, 37, 61, 55, 23, 59,  0]]


Podział:

[19, 17, 13, 9, 6],
[3, 4, 3, 1, 3, 2, 3, 2, 1, 5],
[2, 10, 3, 8, 5, 7, 9, 5, 3, 2],
[771, 121, 281, 854, 885, 734, 486, 1003, 83, 62],
[484, 114, 205, 288, 506, 125, 503, 201, 127, 410, 312, 132, 312, 542]




